2002  68116  599196     173
2003  79029  902253    176.9
2004  75126  329584    173.5
2005  79944  310418    160.1
2006  86698  770314    232.7
2007  89407 1160297    253.8
2008  93187 1492700    322.2
2009 101594  499525    281.9
2010 102803  182094    344.2
2011 106903  186127     443
2012 112345  926429    413.6
2013 116167  626219    398.1
2014 118784  529041    370.5
2015 126547  940191    376.5
2016 129826  607768    433.2
2017 134512 1315746    494.4
2018 141254 1823153    462.4
